-4.160411e-01
-1.475086e-01
-6.951604e-02
1.056789e-01
-4.175502e-01
1.179086e-01
-3.032118e-01
1.654751e-02
1.630890e-01
8.176499e-02
2.706584e-01
2.515193e-01
-1.627269e-01
6.426404e-02
-2.360945e-01
-3.304471e-01
2.312065e-01
1.246227e-05
-1.372973e-02
2.277818e-01
1.486459e-01
8.755029e-02
3.125628e-01
2.324474e-01
5.994081e-02
-1.725903e-01
-1.628884e-01
2.980255e-01
-4.029576e-01
-6.115484e-03
-4.872118e-01
2.551245e-01
2.154291e-01
2.905209e-04
-1.770930e-02
-6.215710e-01
1.452931e-01
-5.481087e-01
-5.798201e-01
1.998343e-02
-2.371202e-01
1.028727e-01
1.692445e-01
2.144331e-01
-1.727898e-01
1.123444e-01
2.515834e-02
2.065175e-01
1.340393e-01
2.244721e-01
-3.298447e-02
-3.680036e-02
2.519434e-01
-5.309139e-01
-1.261466e-01
-3.176486e-01
-9.564620e-02
1.621698e-01
2.064318e-01
-2.537359e-01
-1.177675e-01
3.425622e-02
-7.296584e-02
7.545464e-02
9.998274e-02
-2.324904e-01
-4.420757e-02
-5.330236e-01
2.863404e-01
-1.572727e-01
-3.009625e-01
-6.348617e-02
-3.571617e-01
-5.214404e-03
-1.401662e-01
5.444447e-01
2.846163e-01
-6.242216e-01
1.103317e-01
-3.495345e-01
-6.376379e-02
4.110102e-02
1.869335e-01
-6.826174e-02
3.940750e-01
-1.202343e-01
8.187803e-02
1.661835e-01
2.129715e-02
2.202382e-01
8.080328e-02
-1.960365e-01
-4.513433e-01
4.646482e-01
-1.511325e-01
2.583993e-02
1.407917e-01
2.839925e-02
-2.261816e-01
-1.169286e-01
-3.122249e-02
3.697396e-01
-2.152039e-01
1.961671e-01
7.715578e-02
-5.846501e-02
-2.642432e-01
-7.103524e-02
-2.167257e-02
-3.673488e-01
4.804556e-02
-2.055733e-01
-2.356015e-02
8.405334e-02
-2.261635e-01
-7.206409e-02
8.751569e-02
-4.589648e-01
2.589940e-01
6.061153e-01
2.398501e-01
-7.894300e-02
1.071557e-01
-2.589962e-01
4.694664e-01
2.351761e-01
1.968364e-01
-2.189686e-01
7.998728e-02
-1.395736e-01
-7.785735e-02
-1.425025e-01
-2.564334e-01
-2.271864e-01
-5.247433e-02
-4.247160e-01
1.519001e-01
-2.944957e-02
1.747901e-01
6.741216e-02
1.235718e-01
-3.707803e-01
-2.550661e-01
-1.117488e-01
2.741465e-02
2.821841e-01
-7.249076e-02
3.153877e-01
1.188562e-01
2.935292e-01
3.173677e-02
-1.642040e-01
-3.703498e-01
3.887225e-02
2.046378e-01
-7.314703e-02
-1.351966e-01
-7.716045e-02
-2.741483e-01
-1.232525e-01
-4.518484e-02
1.146028e-02
-1.594578e-02
1.528338e-01
2.732942e-02
4.535039e-01
7.800596e-02
4.511234e-01
-1.807804e-01
1.316368e-01
-6.506272e-02
1.500356e-01
1.484827e-01
-5.465054e-01
-3.317608e-01
-3.602534e-01
1.004611e-01
3.675503e-01
-8.170356e-02
2.030808e-01
1.363850e-01
-2.629081e-01
9.936675e-02
-1.879737e-01
3.790667e-01
-8.141627e-03
4.089999e-01
-1.062646e-01
1.473583e-01
-1.569781e-02
-5.054897e-01
-2.455329e-01
1.531278e-01
-1.372153e-02
-2.796830e-01
-1.565946e-01
6.237944e-02
-2.482548e-01
2.437376e-01
-1.601774e-01
4.522157e-01
-2.699666e-01
4.979736e-02
-3.802566e-01
-1.809078e-01
-1.483126e-01
1.003341e-01
2.355333e-01
7.512149e-02
-9.326766e-02
2.038721e-01
1.997217e-01
3.005132e-02
1.428119e-01
1.031990e-01
-2.467405e-01
1.898921e-01
-1.643003e-01
-1.509796e-01
4.423671e-02
-7.687587e-02
-3.295509e-02
1.488394e-01
2.617082e-01
-4.948966e-02
8.191954e-02
-5.957538e-02
5.739922e-02
1.099995e-01
-1.542165e-01
6.870920e-02
1.502755e-01
2.307699e-02
4.324603e-01
-1.521394e-01
-1.842649e-01
-4.374698e-01
2.276206e-01
2.167706e-01
-1.997321e-02
2.246190e-01
4.592586e-02
7.269753e-02
2.823618e-02
1.099880e-01
2.541561e-02
6.968338e-01
-2.916663e-01
-4.635748e-01
-2.851703e-01
-2.733359e-01
-1.084023e-01
-4.211747e-02
-5.463339e-02
1.353336e-01
9.731655e-02
1.878072e-01
4.445640e-01
3.057656e-01
-3.208140e-01
-5.822386e-01
2.254829e-01
-4.589097e-01
1.668923e-02
8.869871e-03
5.567920e-01
-1.730356e-02
-1.268308e-01
5.895242e-02
6.145121e-02
1.751130e-02
-1.521451e-01
-3.056483e-01
7.912509e-02
-3.357173e-01
-2.580461e-01
3.328040e-01
-1.047258e-01
-3.508043e-02
2.249556e-01
-7.502775e-02
2.573414e-01
-8.626649e-02
2.532005e-01
1.573336e-01
-5.325377e-02
-2.164243e-01
-2.607771e-01
-6.751720e-02
-1.095353e-01
-1.021686e-01
2.458863e-01
-7.442429e-02
2.859197e-01
-1.329050e-01
2.431414e-01
-1.305626e-01
4.414445e-02
2.426845e-01
-1.034931e-01
-1.095676e-01
5.008477e-01
2.377484e-01
-1.080010e-01
1.622352e-01
-9.001908e-02
1.764713e-01
3.539623e-01
-4.011289e-01
2.572133e-01
3.644919e-01
1.186783e-02
4.365642e-01
3.884688e-02
-3.092799e-01
-5.483736e-01
-8.335177e-02
1.783858e-01
7.935193e-02
1.034026e-01
-1.442714e-01
3.600045e-02
-4.096664e-01
-1.900225e-01
-2.046983e-01
1.299322e-01
-3.540015e-03
-2.888823e-01
-2.381229e-03
-1.724526e-01
-1.666748e-01
2.160374e-01
2.835486e-02
9.959071e-02
2.209925e-01
4.506442e-02
1.377136e-01
1.707411e-01
2.926522e-01
1.189651e-01
3.530582e-01
5.652121e-03
-1.196735e-02
4.253337e-01
-1.274279e-01
-7.137400e-04
2.299668e-01
3.745218e-02
3.512334e-01
2.585304e-01
7.289257e-02
-1.944246e-01
1.416740e-01
-3.456553e-01
6.111867e-02
2.021097e-01
5.326042e-02
2.199193e-01
5.097191e-01
2.309831e-01
6.672936e-02
1.604154e-01
1.063713e-01
-3.286809e-01
-1.041028e-01
3.061720e-01
-1.089605e-02
1.456058e-01
-2.516250e-01
1.612919e-02
1.500730e-01
-3.403787e-01
8.689816e-02
-4.546080e-02
-2.348837e-01
-9.383297e-03
-4.740761e-01
-5.319942e-01
-2.942308e-01
-2.476331e-01
-2.932581e-01
-4.313569e-01
7.205702e-02
-3.985459e-01
2.755471e-02
1.967667e-01
-5.566966e-04
2.327719e-02
-9.453926e-02
-3.706690e-01
-1.095465e-02
2.402063e-01
4.345612e-01
-1.075516e-01
-4.068307e-01
4.158687e-02
9.406648e-02
-5.673762e-02
-2.872281e-01
5.060831e-01
-5.898809e-01
-1.274930e-01
-3.304064e-01
-1.590321e-01
7.946285e-02
3.451199e-02
-1.776838e-01
1.942509e-01
1.555985e-01
1.618452e-01
-1.064079e-01
2.621452e-01
1.651768e-01
6.271931e-01
2.658649e-01
2.892304e-01
1.324471e-02
-3.220965e-01
-9.280531e-02
-1.894480e-01
-1.409922e-01
1.387846e-01
-1.391945e-01
-2.237783e-01
-1.023319e-01
-4.022169e-02
1.023336e-01
-2.381590e-01
7.932937e-02
1.950502e-02
3.310964e-01
-5.329262e-02
-3.361966e-02
-2.928390e-01
-3.463157e-01
7.762708e-02
-6.237227e-02
1.259360e-01
-2.231654e-01
4.771281e-01
3.055768e-02
2.617583e-01
-5.673005e-02
-4.062549e-02
1.725130e-01
1.389392e-01
-2.800638e-01
-3.831733e-01
-2.744669e-01
-3.539433e-01
1.489265e-02
-1.028127e-01
-9.200268e-02
-3.402408e-01
1.948919e-01
1.098528e-01
-2.240562e-02
2.552950e-01
-2.184949e-01
1.036751e-01
8.711030e-02
8.731360e-02
-1.823118e-01
8.171006e-02
-1.287204e-01
-2.241115e-01
-3.008170e-01
2.594539e-01
-2.114861e-01
-4.322846e-02
-3.021630e-01
-7.428170e-02
-8.080094e-01
-2.717398e-01
-3.566090e-01
-2.536127e-01
-5.331680e-02
-8.133695e-02
4.860994e-01
-1.429433e-01
-6.250807e-02
-3.923289e-01
-1.193457e-01
-3.344942e-01
7.574756e-03
2.132717e-01
1.010634e-01
-1.751551e-01
-4.076357e-01
3.650033e-01
5.125107e-01
3.012515e-02
-2.474754e-01
2.994429e-01
-1.481641e-01
-1.174523e-01
2.215943e-01
-3.463050e-01
-4.891885e-01
1.051709e-01
1.001845e-01
2.378554e-02
1.241711e-01
2.705601e-01
2.426119e-01
-1.421424e-01
2.024930e-01
4.331184e-02
-1.263856e-01
-2.983264e-01
1.617427e-01
-8.840565e-02
1.160863e-02
-1.982369e-01
-3.876286e-01
4.289659e-02
-1.553478e-02
2.997570e-01
2.004260e-01
2.633261e-01
-1.872192e-01
-2.340816e-01
-3.172717e-01
1.244952e-01
6.972703e-01
1.818930e-01
-1.932660e-01
2.091584e-01
-2.820826e-01
-3.561175e-01
1.793606e-01
-1.944764e-01
7.899647e-02
3.516338e-01
1.002812e-01
2.324151e-01
-4.014506e-01
1.653841e-01
5.346256e-01
1.352849e-01
-3.852193e-01
-5.078570e-02
-1.249913e-01
9.575598e-02
1.030088e-01
1.013731e-01
-9.094519e-02
-1.498180e-01
-1.473972e-01
2.133852e-01
-4.632520e-01
-5.182579e-02
6.759455e-02
-1.631928e-01
1.193068e-01
-1.782991e-02
-2.345753e-01
4.034088e-02
-6.704572e-02
-1.024682e-01
-1.778307e-01
1.536137e-02
-4.615323e-01
-9.958328e-02
-1.358870e-01
-2.279746e-01
1.631746e-01
-1.835678e-01
1.351583e-01
2.439602e-01
-3.921760e-02
6.944983e-02
1.598793e-01
-2.024450e-02
1.352175e-01
-3.156412e-01
2.776060e-01
-2.473907e-01
-4.572090e-01
3.461246e-01
-1.568170e-02
1.122303e-01
-9.081462e-02
-2.551458e-01
-7.682471e-01
1.565697e-01
-7.167113e-02
-4.933573e-02
1.014013e-01
-3.548371e-01
-1.823613e-01
2.868320e-01
1.494662e-01
-3.203203e-01
-5.508161e-01
-1.428116e-01
5.349912e-02
2.355942e-01
2.343137e-02
-2.805779e-01
7.653945e-02
-2.930837e-01
-2.402416e-01
-1.634338e-01
-3.073484e-01
-6.774128e-02
-2.249875e-01
-7.142153e-02
-1.156054e-01
-1.024463e-01
-1.258847e-01
3.083243e-01
1.525763e-01
1.476804e-02
-3.667367e-01
-4.064508e-01
-4.911881e-01
6.512989e-01
2.430937e-01
6.424524e-02
-2.435601e-01
-2.865911e-01
1.369099e-01
3.912710e-01
-4.233359e-01
-1.123493e-01
-2.107302e-02
-4.979993e-01
2.103114e-01
-1.036647e-01
4.780452e-01
-9.772468e-02
1.022955e-01
-2.856070e-01
-1.562159e-01
-2.921807e-01
9.814382e-02
3.254599e-01
-1.484104e-01
1.090938e-01
-1.260906e-01
2.552693e-02
2.990626e-01
3.007070e-02
-2.592108e-01
-2.142758e-01
-4.246858e-02
-4.791707e-02
-2.164538e-01
4.516603e-02
3.166321e-01
-6.279232e-02
-5.114251e-02
-5.503805e-01
-1.936283e-01
-3.483181e-01
-9.655866e-02
1.313966e-01
3.808173e-01
4.496236e-01
-2.922107e-02
-8.004905e-02
2.043791e-01
1.225398e-01
1.913128e-01
1.945698e-01
-3.700763e-01
1.350910e-01
-2.288476e-02
-1.900631e-01
-1.733989e-01
3.203644e-01
-2.024344e-01
-3.092046e-01
5.367161e-02
5.026929e-01
6.388608e-03
7.707486e-02
-2.345618e-01
4.185540e-01
3.124704e-02
1.325253e-01
-2.380171e-01
2.135107e-01
9.728643e-02
-2.890003e-01
9.935032e-03
-1.126497e-01
2.731199e-02
-6.263821e-02
-4.747541e-02
-2.582284e-01
-8.082298e-02
1.916317e-01
4.361683e-01
-2.901300e-01
5.943530e-01
3.815195e-01
4.212688e-02
-7.530163e-02
-1.746636e-01
2.081926e-01
-1.736513e-01
-1.154707e-01
2.209043e-01
1.089860e-01
2.241868e-01
1.261830e-01
-1.002243e-01
-1.284620e-01
1.990919e-01
-1.677975e-01
2.966648e-01
1.976755e-01
7.193037e-02
8.065286e-04
9.140430e-02
8.816695e-01
-2.810917e-02
-3.891485e-01
4.787756e-01
1.524615e-01
-1.619779e-01
6.543337e-01
1.377376e-01
7.355092e-02
-1.944609e-01
-2.662325e-01
-4.421035e-01
-1.057299e-01
-2.632756e-01
1.619388e-01
-7.940705e-02
4.422479e-01
3.776456e-01
4.100258e-02
-7.069093e-02
2.880415e-01
-2.866269e-01
1.684247e-01
-1.672782e-01
-1.000807e-01
-1.679506e-01
1.439073e-01
-1.945234e-01
-2.658903e-01
1.382446e-01
-1.058572e-01
9.039679e-02
-8.797231e-02
6.738518e-02
-6.411123e-01
1.164660e-01
4.633902e-01
2.598223e-01
2.277241e-01
-5.993282e-02
4.524952e-02
6.106239e-02
2.409822e-02
-2.076171e-01
-8.806305e-02
-4.369376e-02
-1.201634e-01
2.092092e-01
6.345873e-01
-3.308336e-01
3.208507e-02
-3.605948e-01
3.256271e-01
3.524779e-01
-4.156357e-01
4.859211e-01
-2.711746e-01
5.670474e-02
2.747323e-01
3.679719e-02
5.739165e-01
6.881395e-01
3.457943e-02
-4.767666e-01
-9.124825e-02
-2.120275e-01
-1.911883e-01
-2.819237e-01
1.954722e-02
5.266574e-01
-1.789618e-01
-7.012892e-02
2.916188e-01
3.032054e-01
1.213852e-01
2.565041e-01
2.176815e-01
-9.543947e-02
1.072233e-01
-7.478263e-02
-2.249671e-01
1.586864e-01
1.686340e-02
-4.678014e-02
7.293186e-02
2.469237e-01
9.823364e-02
4.863784e-02
6.994624e-02
1.280508e-02
-1.936166e-01
1.966954e-01
3.522267e-01
-1.335246e-01
4.819396e-01
-4.406189e-02
-6.093759e-02
-2.244002e-01
-1.980842e-01
-2.382437e-01
8.847636e-02
3.992566e-01
1.318676e-01
2.135506e-01
3.354616e-01
-6.248834e-01
-4.188983e-02
8.825383e-02
1.793134e-01
-3.262129e-01
-2.514672e-01
1.976709e-01
-2.914283e-02
1.382725e-01
-2.401612e-01
-4.084506e-01
1.903001e-01
2.983268e-01
4.080143e-01
-3.830474e-01
-3.342131e-01
-3.684616e-01
-1.041577e-02
-1.538768e-01
3.285387e-01
-3.637666e-01
-4.355873e-01
5.132617e-02
2.982326e-01
-2.007058e-01
-3.164091e-01
-3.733284e-02
-4.091117e-01
4.336087e-03
2.070968e-01
5.443459e-02
-4.773112e-01
-1.342055e-01
-7.550807e-02
4.533955e-01
2.287129e-01
-1.427018e-02
3.273405e-01
-2.611840e-01
-8.706670e-02
3.531403e-01
3.755957e-01
1.825940e-01
1.226881e-01
-1.465315e-01
1.862249e-01
-2.070387e-01
1.436302e-01
7.046035e-02
2.848266e-01
-1.064670e-01
1.590350e-01
1.982945e-01
-2.245943e-01
3.906121e-02
3.993135e-01
2.810993e-02
-7.715623e-02
1.141649e-01
-6.877521e-02
1.107859e-01
-3.369128e-02
-4.582057e-03
1.151974e-01
3.405789e-01
1.129686e-01
4.120959e-01
-5.070905e-01
-1.123142e-01
5.899830e-02
-2.087932e-01
-3.189888e-01
1.542588e-01
1.531754e-01
7.234529e-02
9.882903e-02
-2.176407e-01
-1.244221e-01
-2.666795e-02
-1.719573e-01
8.297022e-02
5.913062e-01
-1.205577e-01
1.618621e-01
-2.586062e-01
3.348886e-01
-2.422851e-01
5.217890e-02
-1.546483e-01
1.280039e-01
2.838543e-03
-1.099716e-02
7.372731e-01
-1.575115e-01
-1.171985e-02
6.707564e-01
-2.866727e-01
1.382497e-01
-2.691146e-01
2.576599e-01
8.188245e-02
1.630312e-01
-6.971528e-02
6.129790e-02
3.681284e-01
-5.687754e-01
-4.083227e-01
1.038672e-01
-1.636922e-01
-7.408708e-02
-3.742297e-01
-2.262086e-01
-1.010454e-01
-1.814495e-01
-2.166213e-01
-1.054617e-01
-2.356666e-01
3.354709e-01
-2.471087e-01
4.544857e-01
-9.360915e-02
-3.629352e-01
-1.546705e-01
2.336252e-01
2.639823e-01
4.005682e-02
7.185008e-02
1.582264e-01
-3.647605e-01
-1.454274e-01
-4.575373e-01
-1.122758e-01
2.373187e-01
1.793604e-01
5.719572e-01
4.168192e-02
-5.391227e-01
4.223498e-01
3.205702e-01
-1.456577e-01
5.565362e-02
1.948629e-01
9.617679e-02
1.740917e-01
-2.817889e-02
-9.705925e-03
2.202216e-02
-1.974140e-01
3.557402e-01
1.582921e-03
1.716202e-01
-2.137334e-01
-2.688088e-01
-2.274181e-02
-6.319296e-02
2.987060e-01
1.515159e-01
1.351286e-01
-3.612349e-01
-2.419235e-01
5.051283e-02
-8.696949e-02
3.225220e-01
3.352885e-01
-1.451994e-01
2.187839e-01
3.488625e-01
8.024631e-02
4.058456e-01
2.656083e-01
5.352631e-02
2.192008e-01
4.860175e-02
-1.037230e-01
8.961468e-02
9.055667e-03
-9.115779e-02
4.427549e-01
5.531827e-02
6.825944e-01
-7.404135e-02
1.410739e-01
3.956552e-01
6.823075e-01
7.589107e-02
-1.975646e-01
2.008451e-01
-3.299757e-01
-6.846144e-02
6.796673e-02
3.723884e-01
3.592854e-01
-6.890349e-03
2.309828e-01
-8.032010e-02
1.652812e-01
4.788235e-01
3.918990e-02
-7.513411e-02
-1.250087e-01
1.791178e-01
3.343222e-01
