-3408
-1208
-569
866
-3421
966
-2484
136
1336
670
2217
2060
-1333
526
-1934
-2707
1894
0
-112
1866
1218
717
2561
1904
491
-1414
-1334
2441
-3301
-50
-3991
2090
1765
2
-145
-5092
1190
-4490
-4750
164
-1942
843
1386
1757
-1415
920
206
1692
1098
1839
-270
-301
2064
-4349
-1033
-2602
-784
1328
1691
-2079
-965
281
-598
618
819
-1905
-362
-4367
2346
-1288
-2465
-520
-2926
-43
-1148
4460
2332
-5114
904
-2863
-522
337
1531
-559
3228
-985
671
1361
174
1804
662
-1606
-3697
3806
-1238
212
1153
233
-1853
-958
-256
3029
-1763
1607
632
-479
-2165
-582
-178
-3009
394
-1684
-193
689
-1853
-590
717
-3760
2122
4965
1965
-647
878
-2122
3846
1927
1612
-1794
655
-1143
-638
-1167
-2101
-1861
-430
-3479
1244
-241
1432
552
1012
-3037
-2090
-915
225
2312
-594
2584
974
2405
260
-1345
-3034
318
1676
-599
-1108
-632
-2246
-1010
-370
94
-131
1252
224
3715
639
3696
-1481
1078
-533
1229
1216
-4477
-2718
-2951
823
3011
-669
1664
1117
-2154
814
-1540
3105
-67
3351
-871
1207
-129
-4141
-2011
1254
-112
-2291
-1283
511
-2034
1997
-1312
3705
-2212
408
-3115
-1482
-1215
822
1929
615
-764
1670
1636
246
1170
845
-2021
1556
-1346
-1237
362
-630
-270
1219
2144
-405
671
-488
470
901
-1263
563
1231
189
3543
-1246
-1509
-3584
1865
1776
-164
1840
376
596
231
901
208
5708
-2389
-3798
-2336
-2239
-888
-345
-448
1109
797
1539
3642
2505
-2628
-4770
1847
-3759
137
73
4561
-142
-1039
483
503
143
-1246
-2504
648
-2750
-2114
2726
-858
-287
1843
-615
2108
-707
2074
1289
-436
-1773
-2136
-553
-897
-837
2014
-610
2342
-1089
1992
-1070
362
1988
-848
-898
4103
1948
-885
1329
-737
1446
2900
-3286
2107
2986
97
3576
318
-2534
-4492
-683
1461
650
847
-1182
295
-3356
-1557
-1677
1064
-29
-2367
-20
-1413
-1365
1770
232
816
1810
369
1128
1399
2397
975
2892
46
-98
3484
-1044
-6
1884
307
2877
2118
597
-1593
1161
-2832
501
1656
436
1802
4176
1892
547
1314
871
-2693
-853
2508
-89
1193
-2061
132
1229
-2788
712
-372
-1924
-77
-3884
-4358
-2410
-2029
-2402
-3534
590
-3265
226
1612
-5
191
-774
-3037
-90
1968
3560
-881
-3333
341
771
-465
-2353
4146
-4832
-1044
-2707
-1303
651
283
-1456
1591
1275
1326
-872
2147
1353
5138
2178
2369
109
-2639
-760
-1552
-1155
1137
-1140
-1833
-838
-329
838
-1951
650
160
2712
-437
-275
-2399
-2837
636
-511
1032
-1828
3909
250
2144
-465
-333
1413
1138
-2294
-3139
-2248
-2900
122
-842
-754
-2787
1597
900
-184
2091
-1790
849
714
715
-1493
669
-1054
-1836
-2464
2125
-1732
-354
-2475
-609
-6619
-2226
-2921
-2078
-437
-666
3982
-1171
-512
-3214
-978
-2740
62
1747
828
-1435
-3339
2990
4198
247
-2027
2453
-1214
-962
1815
-2837
-4007
862
821
195
1017
2216
1987
-1164
1659
355
-1035
-2444
1325
-724
95
-1624
-3175
351
-127
2456
1642
2157
-1534
-1918
-2599
1020
5712
1490
-1583
1713
-2311
-2917
1469
-1593
647
2881
822
1904
-3289
1355
4380
1108
-3156
-416
-1024
784
844
830
-745
-1227
-1207
1748
-3795
-425
554
-1337
977
-146
-1922
330
-549
-839
-1457
126
-3781
-816
-1113
-1868
1337
-1504
1107
1999
-321
569
1310
-166
1108
-2586
2274
-2027
-3745
2835
-128
919
-744
-2090
-6293
1283
-587
-404
831
-2907
-1494
2350
1224
-2624
-4512
-1170
438
1930
192
-2298
627
-2401
-1968
-1339
-2518
-555
-1843
-585
-947
-839
-1031
2526
1250
121
-3004
-3330
-4024
5335
1991
526
-1995
-2348
1122
3205
-3468
-920
-173
-4080
1723
-849
3916
-801
838
-2340
-1280
-2394
804
2666
-1216
894
-1033
209
2450
246
-2123
-1755
-348
-393
-1773
370
2594
-514
-419
-4509
-1586
-2853
-791
1076
3120
3683
-239
-656
1674
1004
1567
1594
-3032
1107
-187
-1557
-1420
2624
-1658
-2533
440
4118
52
631
-1922
3429
256
1086
-1950
1749
797
-2367
81
-923
224
-513
-389
-2115
-662
1570
3573
-2377
4869
3125
345
-617
-1431
1706
-1423
-946
1810
893
1837
1034
-821
-1052
1631
-1375
2430
1619
589
7
749
7223
-230
-3188
3922
1249
-1327
5360
1128
603
-1593
-2181
-3622
-866
-2157
1327
-651
3623
3094
336
-579
2360
-2348
1380
-1370
-820
-1376
1179
-1594
-2178
1132
-867
741
-721
552
-5252
954
3796
2128
1866
-491
371
500
197
-1701
-721
-358
-984
1714
5199
-2710
263
-2954
2668
2887
-3405
3981
-2221
465
2251
301
4702
5637
283
-3906
-748
-1737
-1566
-2310
160
4314
-1466
-574
2389
2484
994
2101
1783
-782
878
-613
-1843
1300
138
-383
597
2023
805
398
573
105
-1586
1611
2885
-1094
3948
-361
-499
-1838
-1623
-1952
725
3271
1080
1749
2748
-5119
-343
723
1469
-2672
-2060
1619
-239
1133
-1967
-3346
1559
2444
3342
-3138
-2738
-3018
-85
-1261
2691
-2980
-3568
420
2443
-1644
-2592
-306
-3351
36
1697
446
-3910
-1099
-619
3714
1874
-117
2682
-2140
-713
2893
3077
1496
1005
-1200
1526
-1696
1177
577
2333
-872
1303
1624
-1840
320
3271
230
-632
935
-563
908
-276
-38
944
2790
925
3376
-4154
-920
483
-1710
-2613
1264
1255
593
810
-1783
-1019
-218
-1409
680
4844
-988
1326
-2119
2743
-1985
427
-1267
1049
23
-90
6040
-1290
-96
5495
-2348
1133
-2205
2111
671
1336
-571
502
3016
-4659
-3345
851
-1341
-607
-3066
-1853
-828
-1486
-1775
-864
-1931
2748
-2024
3723
-767
-2973
-1267
1914
2163
328
589
1296
-2988
-1191
-3748
-920
1944
1469
4685
341
-4416
3460
2626
-1193
456
1596
788
1426
-231
-80
180
-1617
2914
13
1406
-1751
-2202
-186
-518
2447
1241
1107
-2959
-1982
414
-712
2642
2747
-1189
1792
2858
657
3325
2176
438
1796
398
-850
734
74
-747
3627
453
5592
-607
1156
3241
5589
622
-1618
1645
-2703
-561
557
3051
2943
-56
1892
-658
1354
3923
321
-615
-1024
1467
2739
